(0,0) (28,190,134)
(0,1) (233,161,242)
(0,2) (153,248,92)
(0,3) (46,19,180)
(0,4) (98,126,90)
(0,5) (228,212,204)
(0,6) (167,179,166)
(0,7) (124,124,254)
(0,8) (26,203,151)
(0,9) (204,185,129)
(0,10) (22,90,215)
(0,11) (57,45,36)
(0,12) (204,202,120)
(0,13) (246,7,201)
(0,14) (251,22,12)
(0,15) (151,109,84)
(0,16) (52,9,188)
(0,17) (177,63,242)
(0,18) (52,159,70)
(0,19) (148,194,142)
(1,0) (141,155,67)
(1,1) (191,132,106)
(1,2) (194,132,136)
(1,3) (109,132,8)
(1,4) (189,140,204)
(1,5) (162,234,40)
(1,6) (247,223,253)
(1,7) (60,56,76)
(1,8) (36,118,43)
(1,9) (61,134,74)
(1,10) (80,31,19)
(1,11) (110,214,193)
(1,12) (170,20,147)
(1,13) (144,5,152)
(1,14) (70,15,9)
(1,15) (68,224,225)
(1,16) (101,186,198)
(1,17) (154,92,196)
(1,18) (189,64,163)
(1,19) (28,172,26)
(2,0) (64,233,27)
(2,1) (174,77,136)
(2,2) (218,179,10)
(2,3) (157,175,172)
(2,4) (186,91,49)
(2,5) (58,228,63)
(2,6) (120,223,34)
(2,7) (80,162,17)
(2,8) (239,243,106)
(2,9) (194,235,238)
(2,10) (27,31,145)
(2,11) (222,79,23)
(2,12) (96,193,131)
(2,13) (226,26,20)
(2,14) (98,230,233)
(2,15) (115,168,95)
(2,16) (20,15,82)
(2,17) (132,134,184)
(2,18) (52,120,5)
(2,19) (184,121,235)
(3,0) (14,30,4)
(3,1) (89,209,141)
(3,2) (227,5,79)
(3,3) (148,179,57)
(3,4) (70,223,136)
(3,5) (204,212,90)
(3,6) (222,84,226)
(3,7) (236,128,19)
(3,8) (44,76,150)
(3,9) (188,177,236)
(3,10) (172,61,90)
(3,11) (70,100,110)
(3,12) (18,37,132)
(3,13) (103,189,49)
(3,14) (152,104,64)
(3,15) (29,156,57)
(3,16) (245,121,80)
(3,17) (80,171,217)
(3,18) (172,203,196)
(3,19) (98,89,254)
(4,0) (52,112,247)
(4,1) (192,179,39)
(4,2) (18,134,77)
(4,3) (83,250,235)
(4,4) (136,22,172)
(4,5) (61,24,95)
(4,6) (156,98,47)
(4,7) (217,186,207)
(4,8) (68,116,19)
(4,9) (224,180,216)
(4,10) (198,55,25)
(4,11) (192,11,82)
(4,12) (72,23,94)
(4,13) (24,51,207)
(4,14) (218,47,59)
(4,15) (138,77,13)
(4,16) (13,36,91)
(4,17) (45,12,21)
(4,18) (22,251,220)
(4,19) (149,208,58)
(5,0) (231,96,228)
(5,1) (68,52,9)
(5,2) (111,216,161)
(5,3) (173,119,226)
(5,4) (250,234,50)
(5,5) (62,172,79)
(5,6) (50,61,138)
(5,7) (133,170,130)
(5,8) (24,62,21)
(5,9) (19,101,177)
(5,10) (34,68,170)
(5,11) (184,94,189)
(5,12) (238,57,230)
(5,13) (191,5,4)
(5,14) (106,70,232)
(5,15) (130,153,255)
(5,16) (200,76,68)
(5,17) (132,227,29)
(5,18) (120,123,15)
(5,19) (25,172,124)
(6,0) (254,132,223)
(6,1) (114,139,3)
(6,2) (34,228,254)
(6,3) (128,176,60)
(6,4) (179,91,24)
(6,5) (14,235,118)
(6,6) (58,161,76)
(6,7) (82,67,193)
(6,8) (48,104,182)
(6,9) (108,231,159)
(6,10) (61,44,173)
(6,11) (0,105,28)
(6,12) (118,175,9)
(6,13) (89,251,144)
(6,14) (118,87,233)
(6,15) (204,23,20)
(6,16) (102,117,232)
(6,17) (75,161,6)
(6,18) (52,81,86)
(6,19) (159,128,217)
(7,0) (249,167,95)
(7,1) (230,196,82)
(7,2) (212,235,233)
(7,3) (147,64,82)
(7,4) (220,86,200)
(7,5) (33,251,15)
(7,6) (242,109,242)
(7,7) (137,142,212)
(7,8) (246,254,254)
(7,9) (120,0,138)
(7,10) (207,213,158)
(7,11) (200,48,78)
(7,12) (190,152,57)
(7,13) (114,174,92)
(7,14) (97,240,140)
(7,15) (227,15,183)
(7,16) (16,31,125)
(7,17) (150,99,254)
(7,18) (90,35,241)
(7,19) (95,128,165)
(8,0) (37,108,154)
(8,1) (230,16,182)
(8,2) (188,5,49)
(8,3) (73,115,13)
(8,4) (44,236,236)
(8,5) (105,117,175)
(8,6) (92,66,120)
(8,7) (229,212,124)
(8,8) (244,16,11)
(8,9) (71,68,20)
(8,10) (248,37,90)
(8,11) (18,244,97)
(8,12) (224,76,218)
(8,13) (190,96,188)
(8,14) (46,182,238)
(8,15) (140,105,117)
(8,16) (174,132,221)
(8,17) (138,5,97)
(8,18) (133,171,196)
(8,19) (207,186,225)
(9,0) (62,167,142)
(9,1) (136,248,194)
(9,2) (197,8,50)
(9,3) (92,194,217)
(9,4) (214,169,50)
(9,5) (169,125,42)
(9,6) (114,18,160)
(9,7) (33,14,215)
(9,8) (212,155,219)
(9,9) (160,114,78)
(9,10) (127,177,192)
(9,11) (241,118,3)
(9,12) (16,12,73)
(9,13) (30,49,74)
(9,14) (198,75,69)
(9,15) (155,99,133)
(9,16) (46,148,223)
(9,17) (124,36,181)
(9,18) (84,141,145)
(9,19) (152,213,143)
(10,0) (111,70,88)
(10,1) (211,33,73)
(10,2) (244,94,2)
(10,3) (251,20,248)
(10,4) (162,35,228)
(10,5) (138,206,148)
(10,6) (15,210,188)
(10,7) (247,85,144)
(10,8) (234,217,200)
(10,9) (70,65,10)
(10,10) (186,229,226)
(10,11) (201,61,79)
(10,12) (145,250,87)
(10,13) (39,131,142)
(10,14) (8,116,52)
(10,15) (167,231,211)
(10,16) (198,93,6)
(10,17) (183,196,150)
(10,18) (222,120,52)
(10,19) (110,239,223)
(11,0) (135,100,47)
(11,1) (34,4,85)
(11,2) (171,85,193)
(11,3) (31,194,78)
(11,4) (194,122,245)
(11,5) (183,98,208)
(11,6) (152,62,109)
(11,7) (124,64,14)
(11,8) (17,35,244)
(11,9) (14,112,182)
(11,10) (33,85,77)
(11,11) (174,223,29)
(11,12) (191,147,233)
(11,13) (198,241,42)
(11,14) (132,72,242)
(11,15) (82,169,155)
(11,16) (225,36,202)
(11,17) (61,180,11)
(11,18) (194,29,82)
(11,19) (240,183,216)
(12,0) (68,83,34)
(12,1) (124,5,101)
(12,2) (11,5,158)
(12,3) (85,45,213)
(12,4) (8,233,21)
(12,5) (199,52,86)
(12,6) (88,245,11)
(12,7) (201,5,185)
(12,8) (244,205,195)
(12,9) (242,51,97)
(12,10) (19,92,31)
(12,11) (228,165,36)
(12,12) (6,229,56)
(12,13) (183,116,74)
(12,14) (25,229,161)
(12,15) (63,100,43)
(12,16) (126,132,54)
(12,17) (178,69,216)
(12,18) (159,95,99)
(12,19) (188,99,147)
(13,0) (225,112,208)
(13,1) (181,122,250)
(13,2) (211,114,221)
(13,3) (40,178,176)
(13,4) (235,9,91)
(13,5) (102,209,192)
(13,6) (213,94,73)
(13,7) (88,151,199)
(13,8) (135,209,139)
(13,9) (97,163,243)
(13,10) (106,140,15)
(13,11) (161,158,117)
(13,12) (252,69,86)
(13,13) (3,106,64)
(13,14) (40,150,58)
(13,15) (143,135,86)
(13,16) (248,111,110)
(13,17) (84,122,177)
(13,18) (236,30,166)
(13,19) (222,161,59)
(14,0) (253,137,192)
(14,1) (158,140,218)
(14,2) (78,32,116)
(14,3) (214,168,45)
(14,4) (219,40,196)
(14,5) (69,11,4)
(14,6) (94,217,148)
(14,7) (57,80,142)
(14,8) (238,158,160)
(14,9) (245,46,69)
(14,10) (84,174,243)
(14,11) (188,151,35)
(14,12) (105,178,141)
(14,13) (65,66,161)
(14,14) (114,211,227)
(14,15) (246,237,89)
(14,16) (82,238,154)
(14,17) (219,7,201)
(14,18) (171,80,73)
(14,19) (219,147,15)
(15,0) (0,107,6)
(15,1) (73,155,122)
(15,2) (184,52,50)
(15,3) (83,88,2)
(15,4) (8,82,148)
(15,5) (239,9,147)
(15,6) (91,220,57)
(15,7) (22,80,182)
(15,8) (165,44,17)
(15,9) (60,45,167)
(15,10) (248,87,56)
(15,11) (34,115,253)
(15,12) (76,159,198)
(15,13) (254,31,194)
(15,14) (156,94,84)
(15,15) (81,254,90)
(15,16) (90,3,143)
(15,17) (141,5,106)
(15,18) (188,61,77)
(15,19) (224,130,7)
(16,0) (152,144,144)
(16,1) (72,250,94)
(16,2) (91,119,82)
(16,3) (181,18,40)
(16,4) (92,76,65)
(16,5) (55,241,107)
(16,6) (106,136,99)
(16,7) (20,133,48)
(16,8) (39,36,223)
(16,9) (98,47,147)
(16,10) (1,103,94)
(16,11) (211,157,73)
(16,12) (154,8,186)
(16,13) (230,129,24)
(16,14) (248,199,144)
(16,15) (220,135,170)
(16,16) (43,186,19)
(16,17) (30,237,217)
(16,18) (255,191,70)
(16,19) (79,212,155)
(17,0) (40,33,190)
(17,1) (100,121,244)
(17,2) (192,100,18)
(17,3) (119,122,163)
(17,4) (243,17,184)
(17,5) (112,28,228)
(17,6) (143,160,183)
(17,7) (98,108,1)
(17,8) (49,89,231)
(17,9) (122,103,189)
(17,10) (130,104,191)
(17,11) (95,150,92)
(17,12) (184,65,156)
(17,13) (153,139,105)
(17,14) (229,147,70)
(17,15) (98,183,21)
(17,16) (146,68,221)
(17,17) (77,254,246)
(17,18) (243,28,212)
(17,19) (130,118,149)
(18,0) (246,136,216)
(18,1) (243,12,1)
(18,2) (245,252,75)
(18,3) (120,11,251)
(18,4) (118,11,4)
(18,5) (196,149,23)
(18,6) (22,99,174)
(18,7) (156,149,192)
(18,8) (16,171,111)
(18,9) (200,201,102)
(18,10) (39,26,62)
(18,11) (135,14,249)
(18,12) (11,247,187)
(18,13) (32,195,35)
(18,14) (157,5,205)
(18,15) (70,173,126)
(18,16) (6,90,215)
(18,17) (175,7,88)
(18,18) (193,46,238)
(18,19) (78,79,125)
(19,0) (11,58,176)
(19,1) (75,145,89)
(19,2) (4,36,58)
(19,3) (99,194,172)
(19,4) (116,124,56)
(19,5) (50,61,19)
(19,6) (23,172,82)
(19,7) (87,173,231)
(19,8) (40,129,60)
(19,9) (91,129,48)
(19,10) (50,211,154)
(19,11) (135,92,139)
(19,12) (242,231,107)
(19,13) (11,122,103)
(19,14) (94,103,241)
(19,15) (209,245,133)
(19,16) (97,1,180)
(19,17) (77,135,240)
(19,18) (189,20,63)
(19,19) (197,91,255)
